SAMI coord, calculated HI gas mass upper limits (1e6 M_sun), actual HI gas mass (1e6 M_sun) 
(131.18920984, 2.18550531), 23978
(131.24559559, 2.05165301), 10851
(131.24677756, 2.47634811), 10289
(131.32368836, 2.2805638), 10470
(131.38247114, 2.4758725), 25402
(131.65702678, 2.61436443), 3261
(131.68184337, 1.84332), 10440
(131.7262154, 2.56007097), 3341
(131.81455082, 1.89556314), 10448
(131.87080351, 2.27709609), 3268
(131.88075027, 2.7356685), 3186
(132.10673934, 2.28780776), 6459
(132.12519777, 0.17087478), 14277
(132.19011347, 0.29151858), 11804
(132.50669626, 0.22577093), 11041
(132.63206755, 0.31906756), 11948
(132.79081214, 0.25359158), 6906
(132.90223376, 0.27313863), 11556
(139.43876422, 1.05542467), 3008
(139.64139357, 1.34375941), 3008
(139.70831258, 1.02299675), 2281
(139.71219156, 0.63996425), 13560
(139.7422809, 1.56468554), 5718
(139.76734716, 1.17936637), 35096
(139.77630112, 0.67763715), 1263, 1120
(139.79332232, 1.05546284), 1332
(139.81814651, 1.03629872), 33595
(139.92557866, 1.32583201), 1089
(139.98309553, 0.64128869), 13426
(139.99074404, 0.84559286), 1170
(139.99533336, 0.96083571), 1281, 2630
(140.0100024, 0.84420718), 14472
(140.0523286, 1.15231833), 1150
(140.06483517, 1.78792026), 1143
(140.09157464, 0.82339506), 1272, 2690
(140.13109644, 0.93702459), 1357
(140.13867311, 0.72105987), 1188
(140.14321141, 1.55109987), 1105
(140.15506294, 0.82273186), 1266
(140.19242092, 0.60472036), 2283, 2630
(140.34916996, 1.1761123), 14508
(180.93489846, 1.83597778), 1498
(180.9759373, 1.89125907), 2420
(181.00820693, 1.44487385), 30562
(181.02495228, 1.84697816), 1071
(181.03095077, 1.58314929), 2219
(181.11277351, 1.89596769), 1557
(181.1261504, 1.68400048), 1430
(181.1860008, 1.71253656), 1698
(181.18902098, 1.9201865), 1544
(181.20300479, 1.646487), 1345
(181.237152, 1.50824383), 1641, 2040
(181.34198792, 1.83460755), 1192
(213.72344654, 0.40730461), 3198
(213.86801164, 0.22734304), 12233
(214.25699075, 0.47706888), 11570, 17380
(214.36652643, 0.48277548), 10448
(214.39621924, 0.1590901), 12432
(214.46360194, 0.31950998), 11629
(214.50836039, 0.48381333), 11707
(214.52287281, 0.22739177), 11999
(222.51551376, 0.09749601), 6614, 16220
(222.72741926, 0.02766595), 7690
(222.7419792, 0.09218814), 7269
(222.80756762, 0.0279597), 2175
