SAMI coord, calculated HI gas mass upper limits (1e6 M_sun), actual HI gas mass (1e6 M_sun) 
(131.18920984, 2.18550531), 28539
(131.24559559, 2.05165301), 12915
(131.24677756, 2.47634811), 12246
(131.32368836, 2.2805638), 12462
(131.38247114, 2.4758725), 30234
(131.65702678, 2.61436443), 3881
(131.68184337, 1.84332), 12426
(131.7262154, 2.56007097), 3977
(131.81455082, 1.89556314), 12436
(131.87080351, 2.27709609), 3890
(131.88075027, 2.7356685), 3792
(132.10673934, 2.28780776), 7688
(132.12519777, 0.17087478), 16993
(132.19011347, 0.29151858), 14050
(132.50669626, 0.22577093), 13142
(132.63206755, 0.31906756), 14221
(132.79081214, 0.25359158), 8220
(132.90223376, 0.27313863), 13754
(139.43876422, 1.05542467), 3580
(139.64139357, 1.34375941), 3580
(139.70831258, 1.02299675), 2715
(139.71219156, 0.63996425), 16140
(139.7422809, 1.56468554), 6805
(139.76734716, 1.17936637), 41772
(139.77630112, 0.67763715), 1504, 1120
(139.79332232, 1.05546284), 1585
(139.81814651, 1.03629872), 39985
(139.92557866, 1.32583201), 1296
(139.98309553, 0.64128869), 15980
(139.99074404, 0.84559286), 1393
(139.99533336, 0.96083571), 1524, 2630
(140.0100024, 0.84420718), 17225
(140.0523286, 1.15231833), 1368
(140.06483517, 1.78792026), 1360
(140.09157464, 0.82339506), 1514, 2690
(140.13109644, 0.93702459), 1615
(140.13867311, 0.72105987), 1414
(140.14321141, 1.55109987), 1315
(140.15506294, 0.82273186), 1507
(140.19242092, 0.60472036), 2718, 2630
(140.34916996, 1.1761123), 17268
(180.93489846, 1.83597778), 1783
(180.9759373, 1.89125907), 2880
(181.00820693, 1.44487385), 36375
(181.02495228, 1.84697816), 1275
(181.03095077, 1.58314929), 2641
(181.11277351, 1.89596769), 1853
(181.1261504, 1.68400048), 1702
(181.1860008, 1.71253656), 2021
(181.18902098, 1.9201865), 1838
(181.20300479, 1.646487), 1601
(181.237152, 1.50824383), 1953, 2040
(181.34198792, 1.83460755), 1419
(213.72344654, 0.40730461), 3806
(213.86801164, 0.22734304), 14561
(214.25699075, 0.47706888), 13771, 17380
(214.36652643, 0.48277548), 12436
(214.39621924, 0.1590901), 14797
(214.46360194, 0.31950998), 13841
(214.50836039, 0.48381333), 13934
(214.52287281, 0.22739177), 14282
(222.51551376, 0.09749601), 7873, 16220
(222.72741926, 0.02766595), 9153
(222.7419792, 0.09218814), 8652
(222.80756762, 0.0279597), 2589
