# name RA(deg) Dec(deg) r_petro r_auto z_tonry z_spec M_r r_e(arcsec) <mu(re)>(mag/arcsec^2) mu(re)(mag/arcsec^2) mu(2re)(mag/arcsec^2) ellip PA(deg) log(M*/Msol) g-i A_g CATAID SURV_SAMI tile blue_cube red_cube
J084445.41+021107.8 131.18920984 2.18550531 15.781 15.801 0.07548 0.07444 -21.96 4.17 20.16 21.40 23.00 0.5116 3.28 10.95 1.30 0.244 386268 8 Y13SAR1_P005_09T009 http://sami-survey.org/edr/data/386268/386268_blue_7_Y13SAR1_P005_09T009.fits.gz http://sami-survey.org/edr/data/386268/386268_red_7_Y13SAR1_P005_09T009.fits.gz
J084458.94+020305.9 131.24559559 2.05165301 16.167 16.153 0.05193 0.05091 -20.70 1.94 19.41 20.54 22.17 0.2758 93.58 10.26 1.00 0.316 345820 8 Y13SAR1_P005_09T009 http://sami-survey.org/edr/data/345820/345820_blue_7_Y13SAR1_P005_09T009.fits.gz http://sami-survey.org/edr/data/345820/345820_red_7_Y13SAR1_P005_09T009.fits.gz
J084459.22+022834.8 131.24677756 2.47634811 15.981 15.942 0.05064 0.04962 -20.88 6.76 21.02 22.49 24.06 0.5711 8.36 10.36 1.02 0.154 517164 8 Y13SAR1_P005_09T009 http://sami-survey.org/edr/data/517164/517164_blue_7_Y13SAR1_P005_09T009.fits.gz http://sami-survey.org/edr/data/517164/517164_red_7_Y13SAR1_P005_09T009.fits.gz
J084517.68+021650.0 131.32368836 2.28056380 17.036 17.021 0.05106 0.05004 -19.81 2.87 21.31 22.58 24.18 0.0120 11.30 10.09 1.22 0.212 417486 8 Y13SAR1_P005_09T009 http://sami-survey.org/edr/data/417486/417486_blue_7_Y13SAR1_P005_09T009.fits.gz http://sami-survey.org/edr/data/417486/417486_red_7_Y13SAR1_P005_09T009.fits.gz
J084531.79+022833.1 131.38247114 2.47587250 15.311 15.188 0.07756 0.07651 -22.64 6.76 21.10 22.43 24.01 0.2140 160.43 11.24 1.31 0.165 517205 8 Y13SAR1_P005_09T009 http://sami-survey.org/edr/data/517205/517205_blue_7_Y13SAR1_P005_09T009.fits.gz http://sami-survey.org/edr/data/517205/517205_red_7_Y13SAR1_P005_09T009.fits.gz
J084637.68+023651.7 131.65702678 2.61436443 19.000 19.027 0.02935 0.02837 -16.47 3.26 22.86 23.93 25.57 0.4153 29.84 8.32 0.66 0.164 422639 8 Y13SAR1_P005_09T009 http://sami-survey.org/edr/data/422639/422639_blue_7_Y13SAR1_P005_09T009.fits.gz http://sami-survey.org/edr/data/422639/422639_red_7_Y13SAR1_P005_09T009.fits.gz
J084643.64+015035.9 131.68184337 1.84332000 16.431 16.191 0.05100 0.04997 -20.68 5.64 21.11 21.80 23.63 0.6648 53.63 10.49 1.29 0.167 381215 8 Y13SAR1_P005_09T009 http://sami-survey.org/edr/data/381215/381215_blue_7_Y13SAR1_P005_09T009.fits.gz http://sami-survey.org/edr/data/381215/381215_red_7_Y13SAR1_P005_09T009.fits.gz
J084654.29+023336.2 131.72621540 2.56007097 15.317 15.314 0.02971 0.02871 -20.29 5.31 20.52 21.78 23.38 0.3003 59.69 10.18 1.06 0.172 517302 8 Y13SAR1_P005_09T009 http://sami-survey.org/edr/data/517302/517302_blue_7_Y13SAR1_P005_09T009.fits.gz http://sami-survey.org/edr/data/517302/517302_red_7_Y13SAR1_P005_09T009.fits.gz
J084715.49+015344.0 131.81455082 1.89556314 15.973 15.902 0.05102 0.04999 -20.90 4.30 20.75 22.19 23.76 0.1838 59.06 10.49 1.18 0.142 381229 8 Y13SAR1_P005_09T009 http://sami-survey.org/edr/data/381229/381229_blue_7_Y13SAR1_P005_09T009.fits.gz http://sami-survey.org/edr/data/381229/381229_red_7_Y13SAR1_P005_09T009.fits.gz
J084728.99+021637.5 131.87080351 2.27709609 18.394 18.399 0.02939 0.02840 -17.13 2.25 22.00 22.58 24.52 0.1980 2.36 8.68 0.78 0.128 417568 8 Y13SAR1_P005_09T009 http://sami-survey.org/edr/data/417568/417568_blue_7_Y13SAR1_P005_09T009.fits.gz http://sami-survey.org/edr/data/417568/417568_red_7_Y13SAR1_P005_09T009.fits.gz
J084731.38+024408.4 131.88075027 2.73566850 18.528 18.465 0.02902 0.02805 -17.03 3.61 23.03 23.63 25.54 0.2378 86.13 8.42 0.52 0.128 422683 8 Y13SAR1_P005_09T009 http://sami-survey.org/edr/data/422683/422683_blue_7_Y13SAR1_P005_09T009.fits.gz http://sami-survey.org/edr/data/422683/422683_red_7_Y13SAR1_P005_09T009.fits.gz
J084825.61+021716.1 132.10673934 2.28780776 16.788 16.770 0.04062 0.03960 -19.54 3.07 20.96 22.06 23.69 0.1997 35.92 9.93 1.15 0.120 417580 8 Y13SAR1_P005_09T009 http://sami-survey.org/edr/data/417580/417580_blue_7_Y13SAR1_P005_09T009.fits.gz http://sami-survey.org/edr/data/417580/417580_red_7_Y13SAR1_P005_09T009.fits.gz
J084830.04+001015.1 132.12519777 0.17087478 15.651 15.578 0.05915 0.05810 -21.56 4.31 20.50 21.35 23.08 0.2304 67.23 10.30 0.61 0.147 209181 8 Y13SAR1_P008_09T013 http://sami-survey.org/edr/data/209181/209181_blue_7_Y13SAR1_P008_09T013.fits.gz http://sami-survey.org/edr/data/209181/209181_red_7_Y13SAR1_P008_09T013.fits.gz
J084845.62+001729.4 132.19011347 0.29151858 15.125 14.997 0.05406 0.05302 -21.97 9.60 21.71 22.70 24.36 0.3224 48.49 10.79 1.01 0.150 599582 8 Y13SAR1_P008_09T013 http://sami-survey.org/edr/data/599582/599582_blue_7_Y13SAR1_P008_09T013.fits.gz http://sami-survey.org/edr/data/599582/599582_red_7_Y13SAR1_P008_09T013.fits.gz
J084901.58-002056.7 132.25660780 -0.34910161 18.193 16.839 0.01543 0.01479 -17.28 1.64 24.94 25.89 27.57 0.0642 163.52 8.59 0.55 0.124 203037 8 Y13SAR1_P008_09T013 http://sami-survey.org/edr/data/203037/203037_blue_7_Y13SAR1_P008_09T013.fits.gz http://sami-survey.org/edr/data/203037/203037_red_7_Y13SAR1_P008_09T013.fits.gz
J084932.79-000500.9 132.38664975 -0.08360300 15.664 15.665 0.03807 0.03704 -20.48 5.42 20.84 22.04 23.65 0.3124 68.93 10.18 0.97 0.111 536625 8 Y13SAR1_P008_09T013 http://sami-survey.org/edr/data/536625/536625_blue_7_Y13SAR1_P008_09T013.fits.gz http://sami-survey.org/edr/data/536625/536625_red_7_Y13SAR1_P008_09T013.fits.gz
J085000.61-001056.3 132.50256798 -0.18230895 17.627 17.647 0.04156 0.04052 -18.67 5.06 21.78 22.36 24.29 0.7321 11.14 9.00 0.42 0.106 536626 8 Y13SAR1_P008_09T013 http://sami-survey.org/edr/data/536626/536626_blue_7_Y13SAR1_P008_09T013.fits.gz http://sami-survey.org/edr/data/536626/536626_red_7_Y13SAR1_P008_09T013.fits.gz
J085001.60+001332.7 132.50669626 0.22577093 15.585 15.552 0.05238 0.05134 -21.34 9.23 22.04 23.36 24.95 0.1171 11.41 10.58 1.08 0.152 599689 8 Y13SAR1_P008_09T013 http://sami-survey.org/edr/data/599689/599689_blue_7_Y13SAR1_P008_09T013.fits.gz http://sami-survey.org/edr/data/599689/599689_red_7_Y13SAR1_P008_09T013.fits.gz
J085031.69+001908.6 132.63206755 0.31906756 15.011 14.979 0.05438 0.05333 -22.01 6.68 20.97 22.00 23.65 0.1314 79.46 10.88 1.12 0.150 599761 8 Y13SAR1_P008_09T013 http://sami-survey.org/edr/data/599761/599761_blue_7_Y13SAR1_P008_09T013.fits.gz http://sami-survey.org/edr/data/599761/599761_red_7_Y13SAR1_P008_09T013.fits.gz
J085032.63-001510.1 132.63598101 -0.25281896 15.662 15.689 0.07084 0.06977 -21.90 3.90 20.21 21.38 22.99 0.3024 28.84 10.91 1.25 0.117 203114 8 Y13SAR1_P008_09T013 http://sami-survey.org/edr/data/203114/203114_blue_7_Y13SAR1_P008_09T013.fits.gz http://sami-survey.org/edr/data/203114/203114_red_7_Y13SAR1_P008_09T013.fits.gz
J085058.40-001343.8 132.74333509 -0.22884554 16.158 16.155 0.08804 0.08696 -21.97 2.57 19.76 21.07 22.66 0.3054 38.22 10.93 1.29 0.111 203140 8 Y13SAR1_P008_09T013 http://sami-survey.org/edr/data/203140/203140_blue_7_Y13SAR1_P008_09T013.fits.gz http://sami-survey.org/edr/data/203140/203140_red_7_Y13SAR1_P008_09T013.fits.gz
J085109.79+001512.9 132.79081214 0.25359158 14.135 13.937 0.04195 0.04091 -22.45 5.63 19.65 21.13 22.70 0.1478 104.59 11.15 1.20 0.137 599838 8 Y13SAR1_P008_09T013 http://sami-survey.org/edr/data/599838/599838_blue_7_Y13SAR1_P008_09T013.fits.gz http://sami-survey.org/edr/data/599838/599838_red_7_Y13SAR1_P008_09T013.fits.gz
J085121.64-002342.5 132.84017059 -0.39515579 17.394 17.412 0.04393 0.04289 -19.04 1.88 20.73 21.25 23.27 0.1233 110.11 9.27 0.57 0.109 203148 8 Y13SAR1_P008_09T013 http://sami-survey.org/edr/data/203148/203148_blue_7_Y13SAR1_P008_09T013.fits.gz http://sami-survey.org/edr/data/203148/203148_red_7_Y13SAR1_P008_09T013.fits.gz
J085136.53+001623.3 132.90223376 0.27313863 16.463 16.429 0.05353 0.05248 -20.53 3.35 20.66 21.92 23.52 0.3334 6.01 10.30 1.14 0.127 599877 8 Y13SAR1_P008_09T013 http://sami-survey.org/edr/data/599877/599877_blue_7_Y13SAR1_P008_09T013.fits.gz http://sami-survey.org/edr/data/599877/599877_red_7_Y13SAR1_P008_09T013.fits.gz
J091745.30+010319.5 139.43876422 1.05542467 15.798 15.759 0.02832 0.02727 -19.70 7.24 22.25 23.16 24.86 0.2086 113.04 9.54 0.55 0.118 279818 8 Y13SAR1_P009_09T015 http://sami-survey.org/edr/data/279818/279818_blue_7_Y13SAR1_P009_09T015.fits.gz http://sami-survey.org/edr/data/279818/279818_red_7_Y13SAR1_P009_09T015.fits.gz
J091833.93+012037.5 139.64139357 1.34375941 15.780 15.719 0.02833 0.02727 -19.78 5.40 20.70 21.55 23.28 0.4871 99.64 9.85 0.88 0.084 302846 8 Y13SAR1_P003_09T006 http://sami-survey.org/edr/data/302846/302846_blue_7_Y13SAR1_P003_09T006.fits.gz http://sami-survey.org/edr/data/302846/302846_red_7_Y13SAR1_P003_09T006.fits.gz
J091849.99+010122.7 139.70831258 1.02299675 18.603 18.561 0.02478 0.02381 -16.58 2.36 21.56 22.07 24.10 0.5841 35.66 8.20 0.43 0.094 279891 8 Y13SAR1_P003_09T006 http://sami-survey.org/edr/data/279891/279891_blue_7_Y13SAR1_P003_09T006.fits.gz http://sami-survey.org/edr/data/279891/279891_red_7_Y13SAR1_P003_09T006.fits.gz
J091850.92+003823.8 139.71219156 0.63996425 16.100 16.051 0.05781 0.05668 -21.05 8.19 21.24 21.72 23.80 0.7444 94.59 10.25 0.81 0.129 623620 8 Y13SAR1_P009_09T015 http://sami-survey.org/edr/data/623620/623620_blue_7_Y13SAR1_P009_09T015.fits.gz http://sami-survey.org/edr/data/623620/623620_red_7_Y13SAR1_P009_09T015.fits.gz
J091858.14+013352.8 139.74228090 1.56468554 17.745 17.719 0.03843 0.03732 -18.43 2.03 21.12 21.95 23.69 0.1813 138.50 9.05 0.59 0.120 377962 8 Y13SAR1_P003_09T006 http://sami-survey.org/edr/data/377962/377962_blue_7_Y13SAR1_P003_09T006.fits.gz http://sami-survey.org/edr/data/377962/377962_red_7_Y13SAR1_P003_09T006.fits.gz
J091904.16+011045.7 139.76734716 1.17936637 16.353 16.342 0.09033 0.08916 -21.87 3.85 20.77 22.03 23.62 0.3051 147.22 10.97 1.41 0.086 373173 8 Y13SAR1_P003_09T006 http://sami-survey.org/edr/data/373173/373173_blue_7_Y13SAR1_P003_09T006.fits.gz http://sami-survey.org/edr/data/373173/373173_red_7_Y13SAR1_P003_09T006.fits.gz
J091906.31+004039.4 139.77630112 0.67763715 16.446 16.207 0.01872 0.01780 -18.38 2.55 23.05 23.92 25.63 0.4201 147.40 9.31 0.88 0.120 623641 8 Y13SAR1_P009_09T015 http://sami-survey.org/edr/data/623641/623641_blue_7_Y13SAR1_P009_09T015.fits.gz http://sami-survey.org/edr/data/623641/623641_red_7_Y13SAR1_P009_09T015.fits.gz
J091910.39+010319.6 139.79332232 1.05546284 17.565 17.590 0.01918 0.01827 -17.03 3.54 21.92 22.83 24.53 0.2987 67.49 8.82 0.97 0.095 279886 8 Y13SAR1_P003_09T006 http://sami-survey.org/edr/data/279886/279886_blue_7_Y13SAR1_P003_09T006.fits.gz http://sami-survey.org/edr/data/279886/279886_red_7_Y13SAR1_P003_09T006.fits.gz
J091916.35+010210.6 139.81814651 1.03629872 15.491 15.444 0.08851 0.08734 -22.70 4.39 20.57 21.96 23.54 0.0575 155.12 11.26 1.33 0.095 279878 8 Y13SAR1_P009_09T015 http://sami-survey.org/edr/data/279878/279878_blue_7_Y13SAR1_P009_09T015.fits.gz http://sami-survey.org/edr/data/279878/279878_red_7_Y13SAR1_P009_09T015.fits.gz
J091942.13+011933.0 139.92557866 1.32583201 16.275 16.280 0.01748 0.01654 -18.10 6.68 21.49 21.98 24.05 0.5926 32.46 9.26 0.98 0.093 373202 8 Y13SAR1_P003_09T006 http://sami-survey.org/edr/data/373202/373202_blue_7_Y13SAR1_P003_09T006.fits.gz http://sami-survey.org/edr/data/373202/373202_red_7_Y13SAR1_P003_09T006.fits.gz
J091955.94+003828.6 139.98309553 0.64128869 16.604 16.501 0.05755 0.05641 -20.60 6.08 21.01 21.67 23.53 0.7647 13.92 10.23 1.00 0.120 623679 8 Y13SAR1_P009_09T015 http://sami-survey.org/edr/data/623679/623679_blue_7_Y13SAR1_P009_09T015.fits.gz http://sami-survey.org/edr/data/623679/623679_red_7_Y13SAR1_P009_09T015.fits.gz
J091957.77+005044.1 139.99074404 0.84559286 17.456 16.954 0.01808 0.01714 -17.50 8.50 23.68 24.52 26.26 0.2437 161.44 8.92 0.85 0.119 218717 8 Y13SAR1_P003_09T006 http://sami-survey.org/edr/data/218717/218717_blue_7_Y13SAR1_P003_09T006.fits.gz http://sami-survey.org/edr/data/218717/218717_red_7_Y13SAR1_P003_09T006.fits.gz
J091958.88+005739.0 139.99533336 0.96083571 15.536 15.538 0.01884 0.01792 -19.02 9.78 22.03 22.98 24.66 0.4383 55.47 9.32 0.60 0.103 279917 8 Y13SAR1_P003_09T006 http://sami-survey.org/edr/data/279917/279917_blue_7_Y13SAR1_P003_09T006.fits.gz http://sami-survey.org/edr/data/279917/279917_red_7_Y13SAR1_P003_09T006.fits.gz
J092002.40+005039.1 140.01000240 0.84420718 17.454 17.437 0.05962 0.05848 -19.77 1.76 19.63 20.82 22.43 0.6181 136.68 10.03 1.18 0.119 218713 8 Y13SAR1_P009_09T015 http://sami-survey.org/edr/data/218713/218713_blue_7_Y13SAR1_P009_09T015.fits.gz http://sami-survey.org/edr/data/218713/218713_red_7_Y13SAR1_P009_09T015.fits.gz
J092012.55+010908.3 140.05232860 1.15231833 18.143 18.190 0.01793 0.01699 -16.27 3.50 22.90 23.79 25.50 0.0515 86.70 8.53 0.97 0.107 373248 8 Y13SAR1_P003_09T006 http://sami-survey.org/edr/data/373248/373248_blue_7_Y13SAR1_P003_09T006.fits.gz http://sami-survey.org/edr/data/373248/373248_red_7_Y13SAR1_P003_09T006.fits.gz
J092015.56+014716.5 140.06483517 1.78792026 18.745 18.583 0.01787 0.01694 -15.85 3.35 22.67 23.55 25.26 0.3992 33.79 8.26 0.87 0.102 325390 8 Y13SAR1_P003_09T006 http://sami-survey.org/edr/data/325390/325390_blue_7_Y13SAR1_P003_09T006.fits.gz http://sami-survey.org/edr/data/325390/325390_red_7_Y13SAR1_P003_09T006.fits.gz
J092021.97+004924.2 140.09157464 0.82339506 18.095 17.175 0.01879 0.01786 -17.38 6.63 22.80 23.41 25.32 0.6779 71.19 8.64 0.58 0.122 623726 8 Y13SAR1_P009_09T015 http://sami-survey.org/edr/data/623726/623726_blue_7_Y13SAR1_P009_09T015.fits.gz http://sami-survey.org/edr/data/623726/623726_red_7_Y13SAR1_P009_09T015.fits.gz
J092031.46+005613.2 140.13109644 0.93702459 17.669 17.662 0.01936 0.01844 -16.95 2.41 20.90 21.84 23.53 0.4856 61.27 8.48 0.59 0.119 279943 8 Y13SAR1_P009_09T015 http://sami-survey.org/edr/data/279943/279943_blue_7_Y13SAR1_P009_09T015.fits.gz http://sami-survey.org/edr/data/279943/279943_red_7_Y13SAR1_P009_09T015.fits.gz
J092033.28+004315.8 140.13867311 0.72105987 16.496 16.407 0.01821 0.01727 -18.08 7.37 22.75 23.46 25.27 0.0847 32.61 9.16 0.87 0.128 623712 8 Y13SAR1_P009_09T015 http://sami-survey.org/edr/data/623712/623712_blue_7_Y13SAR1_P009_09T015.fits.gz http://sami-survey.org/edr/data/623712/623712_red_7_Y13SAR1_P009_09T015.fits.gz
J092034.37+013303.9 140.14321141 1.55109987 16.847 16.864 0.01760 0.01666 -17.53 7.12 21.38 22.08 23.90 0.8132 139.46 8.76 0.66 0.125 302994 8 Y13SAR1_P003_09T006 http://sami-survey.org/edr/data/302994/302994_blue_7_Y13SAR1_P003_09T006.fits.gz http://sami-survey.org/edr/data/302994/302994_red_7_Y13SAR1_P003_09T006.fits.gz
J092037.21+004921.8 140.15506294 0.82273186 17.136 17.127 0.01875 0.01782 -17.42 6.61 21.66 22.24 24.18 0.7866 160.49 8.86 0.84 0.131 623722 8 Y13SAR1_P003_09T006 http://sami-survey.org/edr/data/623722/623722_blue_7_Y13SAR1_P003_09T006.fits.gz http://sami-survey.org/edr/data/623722/623722_red_7_Y13SAR1_P003_09T006.fits.gz
J092046.18+003616.9 140.19242092 0.60472036 16.273 16.187 0.02480 0.02382 -18.98 7.73 22.46 23.18 24.99 0.2911 120.28 9.26 0.55 0.116 216843 8 Y13SAR1_P009_09T015 http://sami-survey.org/edr/data/216843/216843_blue_7_Y13SAR1_P009_09T015.fits.gz http://sami-survey.org/edr/data/216843/216843_red_7_Y13SAR1_P009_09T015.fits.gz
J092123.80+011034.0 140.34916996 1.17611230 17.436 17.409 0.05969 0.05855 -19.78 1.84 19.45 20.60 22.22 0.7016 128.40 10.04 1.18 0.120 373284 8 Y13SAR1_P009_09T015 http://sami-survey.org/edr/data/373284/373284_blue_7_Y13SAR1_P009_09T015.fits.gz http://sami-survey.org/edr/data/373284/373284_red_7_Y13SAR1_P009_09T015.fits.gz
J120344.37+015009.5 180.93489846 1.83597778 14.397 14.317 0.02119 0.01936 -20.53 5.81 21.65 23.03 24.60 0.3588 177.18 10.38 1.17 0.089 288992 8 Y13SAR1_P014_12T001 http://sami-survey.org/edr/data/288992/288992_blue_7_Y13SAR1_P014_12T001.fits.gz http://sami-survey.org/edr/data/288992/288992_red_7_Y13SAR1_P014_12T001.fits.gz
J120354.22+015328.5 180.97593730 1.89125907 14.866 14.717 0.02582 0.02451 -20.56 5.08 21.41 22.28 24.00 0.6699 43.76 10.18 0.91 0.101 230714 8 Y13SAR1_P014_12T001 http://sami-survey.org/edr/data/230714/230714_blue_7_Y13SAR1_P014_12T001.fits.gz http://sami-survey.org/edr/data/230714/230714_red_7_Y13SAR1_P014_12T001.fits.gz
J120401.97+012641.5 181.00820693 1.44487385 15.627 15.549 0.08480 0.08352 -22.49 3.75 20.29 21.78 23.34 0.1529 22.21 11.17 1.32 0.089 272831 8 Y13SAR1_P014_12T001 http://sami-survey.org/edr/data/272831/272831_blue_7_Y13SAR1_P014_12T001.fits.gz http://sami-survey.org/edr/data/272831/272831_red_7_Y13SAR1_P014_12T001.fits.gz
J120405.98+015049.1 181.02495228 1.84697816 13.747 13.630 0.01853 0.01641 -20.93 4.19 18.81 19.93 21.56 0.1296 123.69 10.59 1.22 0.100 289089 8 Y13SAR1_P014_12T001 http://sami-survey.org/edr/data/289089/289089_blue_7_Y13SAR1_P014_12T001.fits.gz http://sami-survey.org/edr/data/289089/289089_red_7_Y13SAR1_P014_12T001.fits.gz
J120407.42+013459.3 181.03095077 1.58314929 17.767 17.875 0.02487 0.02349 -17.34 6.92 23.56 24.33 26.10 0.2873 89.09 8.85 0.86 0.080 220320 8 Y13SAR1_P014_12T001 http://sami-survey.org/edr/data/220320/220320_blue_7_Y13SAR1_P014_12T001.fits.gz http://sami-survey.org/edr/data/220320/220320_red_7_Y13SAR1_P014_12T001.fits.gz
J120427.06+015345.4 181.11277351 1.89596769 12.034 11.531 0.02151 0.01973 -23.36 3.05 20.57 21.88 23.47 0.3321 11.19 11.60 1.27 0.102 230776 8 Y13SAR1_P014_12T001 http://sami-survey.org/edr/data/230776/230776_blue_7_Y13SAR1_P014_12T001.fits.gz http://sami-survey.org/edr/data/230776/230776_red_7_Y13SAR1_P014_12T001.fits.gz
J120430.27+014102.4 181.12615040 1.68400048 17.302 17.291 0.02082 0.01892 -17.49 5.28 21.55 22.27 24.07 0.7194 63.79 8.72 0.62 0.073 289116 8 Y13SAR1_P014_12T001 http://sami-survey.org/edr/data/289116/289116_blue_7_Y13SAR1_P014_12T001.fits.gz http://sami-survey.org/edr/data/289116/289116_red_7_Y13SAR1_P014_12T001.fits.gz
J120444.64+014245.1 181.18600080 1.71253656 18.483 18.531 0.02225 0.02059 -16.34 4.59 23.39 24.37 26.04 0.3647 137.29 8.52 0.97 0.077 289185 8 Y13SAR1_P014_12T001 http://sami-survey.org/edr/data/289185/289185_blue_7_Y13SAR1_P014_12T001.fits.gz http://sami-survey.org/edr/data/289185/289185_red_7_Y13SAR1_P014_12T001.fits.gz
J120445.36+015512.6 181.18902098 1.92018650 18.758 18.820 0.02144 0.01965 -16.00 2.18 22.46 23.20 24.99 0.0617 173.53 8.37 0.93 0.099 230829 8 Y13SAR1_P014_12T001 http://sami-survey.org/edr/data/230829/230829_blue_7_Y13SAR1_P014_12T001.fits.gz http://sami-survey.org/edr/data/230829/230829_red_7_Y13SAR1_P014_12T001.fits.gz
J120448.72+013847.3 181.20300479 1.64648700 18.603 18.570 0.02032 0.01836 -16.15 3.10 22.03 22.75 24.55 0.6042 20.49 8.50 1.00 0.078 220383 8 Y13SAR1_P014_12T001 http://sami-survey.org/edr/data/220383/220383_blue_7_Y13SAR1_P014_12T001.fits.gz http://sami-survey.org/edr/data/220383/220383_red_7_Y13SAR1_P014_12T001.fits.gz
J120456.91+013029.6 181.23715200 1.50824383 15.916 15.807 0.02196 0.02025 -19.10 6.97 21.61 22.14 24.14 0.3537 168.78 9.53 0.83 0.078 220371 8 Y13SAR1_P014_12T001 http://sami-survey.org/edr/data/220371/220371_blue_7_Y13SAR1_P014_12T001.fits.gz http://sami-survey.org/edr/data/220371/220371_red_7_Y13SAR1_P014_12T001.fits.gz
J120522.07+015004.5 181.34198792 1.83460755 18.306 18.274 0.01935 0.01730 -16.35 1.67 21.31 22.42 24.05 0.1012 48.31 8.31 0.68 0.085 289200 8 Y13SAR1_P014_12T001 http://sami-survey.org/edr/data/289200/289200_blue_7_Y13SAR1_P014_12T001.fits.gz http://sami-survey.org/edr/data/289200/289200_red_7_Y13SAR1_P014_12T001.fits.gz
J140940.34-003920.7 212.41811693 -0.65577233 15.238 15.157 0.02478 0.02380 -20.02 6.24 20.32 21.04 22.85 0.5997 65.23 10.09 1.05 0.176 47342 8 Y13SAR1_P009_15T013 http://sami-survey.org/edr/data/47342/47342_blue_7_Y13SAR1_P009_15T013.fits.gz http://sami-survey.org/edr/data/47342/47342_red_7_Y13SAR1_P009_15T013.fits.gz 
J141032.73-005030.7 212.63639030 -0.84186283 17.096 16.986 0.02625 0.02533 -18.30 9.10 23.16 24.08 25.77 0.4731 43.63 8.92 0.46 0.186 543752 8 Y13SAR1_P009_15T013 http://sami-survey.org/edr/data/543752/543752_blue_7_Y13SAR1_P009_15T013.fits.gz http://sami-survey.org/edr/data/543752/543752_red_7_Y13SAR1_P009_15T013.fits.gz
J141100.80-005414.1 212.75336877 -0.90392577 17.999 18.026 0.02682 0.02592 -17.30 3.53 22.10 22.78 24.62 0.4911 171.64 8.49 0.45 0.188 543763 8 Y13SAR1_P009_15T013 http://sami-survey.org/edr/data/543763/543763_blue_7_Y13SAR1_P009_15T013.fits.gz http://sami-survey.org/edr/data/543763/543763_red_7_Y13SAR1_P009_15T013.fits.gz
J141103.98-003242.4 212.76660435 -0.54511067 18.162 18.104 0.02680 0.02590 -17.24 4.26 23.18 23.78 25.70 0.1654 4.69 8.57 0.56 0.191 567676 8 Y13SAR1_P009_15T013 http://sami-survey.org/edr/data/567676/567676_blue_7_Y13SAR1_P009_15T013.fits.gz http://sami-survey.org/edr/data/567676/567676_red_7_Y13SAR1_P009_15T013.fits.gz
J141110.36-001709.8 212.79318485 -0.28606372 16.966 16.926 0.02674 0.02584 -18.42 8.49 21.68 22.23 24.21 0.8637 150.07 9.29 0.88 0.183 62412 8 Y13SAR1_P009_15T013 http://sami-survey.org/edr/data/62412/62412_blue_7_Y13SAR1_P009_15T013.fits.gz http://sami-survey.org/edr/data/62412/62412_red_7_Y13SAR1_P009_15T013.fits.gz 
J141112.02-005802.5 212.80010694 -0.96738293 17.803 17.842 0.02586 0.02494 -17.42 2.85 20.85 21.45 23.36 0.7448 78.75 8.43 0.31 0.199 543769 8 Y13SAR1_P009_15T013 http://sami-survey.org/edr/data/543769/543769_blue_7_Y13SAR1_P009_15T013.fits.gz http://sami-survey.org/edr/data/543769/543769_red_7_Y13SAR1_P009_15T013.fits.gz
J141120.29-002950.8 212.83456679 -0.49744635 17.139 17.149 0.02609 0.02517 -18.16 2.69 20.50 21.45 23.13 0.5582 150.44 9.44 1.18 0.198 567678 8 Y13SAR1_P009_15T013 http://sami-survey.org/edr/data/567678/567678_blue_7_Y13SAR1_P009_15T013.fits.gz http://sami-survey.org/edr/data/567678/567678_red_7_Y13SAR1_P009_15T013.fits.gz
J141212.65-003645.7 213.05272748 -0.61270201 17.006 16.796 0.02597 0.02505 -18.45 3.29 20.86 21.35 23.41 0.4719 78.13 8.69 0.13 0.185 567736 8 Y13SAR1_P009_15T013 http://sami-survey.org/edr/data/567736/567736_blue_7_Y13SAR1_P009_15T013.fits.gz http://sami-survey.org/edr/data/567736/567736_red_7_Y13SAR1_P009_15T013.fits.gz
J141212.88-005046.9 213.05368979 -0.84636598 16.435 16.317 0.03347 0.03258 -19.51 5.68 21.78 22.41 24.30 0.5113 116.96 9.37 0.45 0.202 543812 8 Y13SAR1_P009_15T013 http://sami-survey.org/edr/data/543812/543812_blue_7_Y13SAR1_P009_15T013.fits.gz http://sami-survey.org/edr/data/543812/543812_red_7_Y13SAR1_P009_15T013.fits.gz
J141236.41-010211.1 213.15174010 -1.03641973 15.433 15.450 0.05476 0.05385 -21.57 7.42 20.20 20.94 22.73 0.8023 67.86 10.73 1.15 0.226 543859 8 Y13SAR1_P009_15T013 http://sami-survey.org/edr/data/543859/543859_blue_7_Y13SAR1_P009_15T013.fits.gz http://sami-survey.org/edr/data/543859/543859_red_7_Y13SAR1_P009_15T013.fits.gz
J141250.05-004403.4 213.20857533 -0.73428253 17.966 17.932 0.02718 0.02629 -17.45 4.91 22.63 23.24 25.15 0.5432 124.72 8.58 0.48 0.182 47535 8 Y13SAR1_P009_15T013 http://sami-survey.org/edr/data/47535/47535_blue_7_Y13SAR1_P009_15T013.fits.gz http://sami-survey.org/edr/data/47535/47535_red_7_Y13SAR1_P009_15T013.fits.gz 
J141300.67-004951.6 213.25280325 -0.83100458 15.917 15.929 0.02698 0.02609 -19.43 2.91 19.79 20.34 22.31 0.4578 60.30 9.49 0.63 0.200 47500 8 Y13SAR1_P009_15T013 http://sami-survey.org/edr/data/47500/47500_blue_7_Y13SAR1_P009_15T013.fits.gz http://sami-survey.org/edr/data/47500/47500_red_7_Y13SAR1_P009_15T013.fits.gz 
J141453.62+002426.3 213.72344654 0.40730461 18.261 18.265 0.02897 0.02810 -17.24 1.48 20.97 21.68 23.49 0.2190 72.36 8.47 0.45 0.146 617945 8 Y13SAR1_P014_15T029 http://sami-survey.org/edr/data/617945/617945_blue_7_Y13SAR1_P014_15T029.fits.gz http://sami-survey.org/edr/data/617945/617945_red_7_Y13SAR1_P014_15T029.fits.gz
J141528.32+001338.4 213.86801164 0.22734304 16.110 16.104 0.05484 0.05394 -20.89 2.27 18.85 20.13 21.72 0.6231 142.73 10.45 1.16 0.153 617989 8 Y13SAR1_P014_15T029 http://sami-survey.org/edr/data/617989/617989_blue_7_Y13SAR1_P014_15T029.fits.gz http://sami-survey.org/edr/data/617989/617989_red_7_Y13SAR1_P014_15T029.fits.gz
J141701.67+002837.4 214.25699075 0.47706888 15.218 15.176 0.05340 0.05251 -21.74 9.20 21.60 22.78 24.39 0.2902 40.16 10.60 0.88 0.136 91924 8 Y13SAR1_P014_15T029 http://sami-survey.org/edr/data/91924/91924_blue_7_Y13SAR1_P014_15T029.fits.gz http://sami-survey.org/edr/data/91924/91924_red_7_Y13SAR1_P014_15T029.fits.gz 
J141702.23-000949.0 214.25931319 -0.16361749 15.679 15.683 0.05241 0.05152 -21.20 4.26 20.10 20.86 22.64 0.5480 21.64 10.36 0.87 0.143 592835 8 Y13SAR1_P014_15T029 http://sami-survey.org/edr/data/592835/592835_blue_7_Y13SAR1_P014_15T029.fits.gz http://sami-survey.org/edr/data/592835/592835_red_7_Y13SAR1_P014_15T029.fits.gz
J141704.52-001508.5 214.26884742 -0.25236454 16.799 16.738 0.04454 0.04366 -19.77 2.65 20.44 21.48 23.13 0.3322 23.24 9.97 1.09 0.146 63027 8 Y13SAR1_P014_15T029 http://sami-survey.org/edr/data/63027/63027_blue_7_Y13SAR1_P014_15T029.fits.gz http://sami-survey.org/edr/data/63027/63027_red_7_Y13SAR1_P014_15T029.fits.gz 
J141707.71-000054.8 214.28213325 -0.01523894 15.981 15.901 0.05368 0.05279 -21.08 4.15 19.51 20.79 22.38 0.7430 62.93 10.69 1.36 0.136 592858 8 Y13SAR1_P014_15T029 http://sami-survey.org/edr/data/592858/592858_blue_7_Y13SAR1_P014_15T029.fits.gz http://sami-survey.org/edr/data/592858/592858_red_7_Y13SAR1_P014_15T029.fits.gz
J141721.25-001008.7 214.33856074 -0.16909769 17.093 17.087 0.04450 0.04362 -19.41 6.33 22.90 23.73 25.47 0.1394 121.50 9.46 0.63 0.150 592863 8 Y13SAR1_P014_15T029 http://sami-survey.org/edr/data/592863/592863_blue_7_Y13SAR1_P014_15T029.fits.gz http://sami-survey.org/edr/data/592863/592863_red_7_Y13SAR1_P014_15T029.fits.gz
J141727.96+002857.9 214.36652643 0.48277548 14.643 14.579 0.05087 0.04999 -22.26 7.36 20.68 21.78 23.41 0.2234 37.59 11.04 1.19 0.134 91963 8 Y13SAR1_P014_15T029 http://sami-survey.org/edr/data/91963/91963_blue_7_Y13SAR1_P014_15T029.fits.gz http://sami-survey.org/edr/data/91963/91963_red_7_Y13SAR1_P014_15T029.fits.gz 
J141735.09+000932.7 214.39621924 0.15909010 16.341 16.360 0.05525 0.05436 -20.66 3.11 19.43 20.50 22.14 0.7312 30.68 10.38 1.18 0.133 77710 8 Y13SAR1_P014_15T029 http://sami-survey.org/edr/data/77710/77710_blue_7_Y13SAR1_P014_15T029.fits.gz http://sami-survey.org/edr/data/77710/77710_red_7_Y13SAR1_P014_15T029.fits.gz 
J141751.26+001910.2 214.46360194 0.31950998 15.944 15.895 0.05352 0.05264 -21.06 3.06 18.84 20.19 21.77 0.7439 19.94 10.62 1.27 0.145 618143 8 Y13SAR1_P014_15T029 http://sami-survey.org/edr/data/618143/618143_blue_7_Y13SAR1_P014_15T029.fits.gz http://sami-survey.org/edr/data/618143/618143_red_7_Y13SAR1_P014_15T029.fits.gz
J141802.00+002901.7 214.50836039 0.48381333 16.300 16.313 0.05369 0.05281 -20.65 1.26 18.05 19.21 20.83 0.5478 145.90 10.43 1.24 0.139 91999 8 Y13SAR1_P014_15T029 http://sami-survey.org/edr/data/91999/91999_blue_7_Y13SAR1_P014_15T029.fits.gz http://sami-survey.org/edr/data/91999/91999_red_7_Y13SAR1_P014_15T029.fits.gz 
J141805.48+001338.6 214.52287281 0.22739177 16.793 16.772 0.05432 0.05344 -20.20 3.56 21.25 21.91 23.76 0.2923 85.41 10.01 0.93 0.145 618152 8 Y13SAR1_P014_15T029 http://sami-survey.org/edr/data/618152/618152_blue_7_Y13SAR1_P014_15T029.fits.gz http://sami-survey.org/edr/data/618152/618152_red_7_Y13SAR1_P014_15T029.fits.gz
J142336.60-010337.0 215.90250973 -1.06030399 17.211 17.118 0.03188 0.03103 -18.61 5.53 22.50 23.16 25.02 0.3042 175.22 9.12 0.57 0.159 37050 8 Y13SAR1_P005_15T018 http://sami-survey.org/edr/data/37050/37050_blue_8_Y13SAR1_P005_15T018.fits.gz http://sami-survey.org/edr/data/37050/37050_red_8_Y13SAR1_P005_15T018.fits.gz 
J142358.19-010742.3 215.99246490 -1.12841864 17.159 17.156 0.03522 0.03437 -18.81 7.44 21.59 22.51 24.21 0.8743 19.69 9.02 0.36 0.157 511789 8 Y13SAR1_P005_15T018 http://sami-survey.org/edr/data/511789/511789_blue_8_Y13SAR1_P005_15T018.fits.gz http://sami-survey.org/edr/data/511789/511789_red_8_Y13SAR1_P005_15T018.fits.gz
J142417.68-013503.0 216.07367614 -1.58419191 16.455 16.476 0.05699 0.05612 -20.64 3.22 19.82 20.83 22.49 0.6875 143.14 10.49 1.33 0.164 508138 8 Y13SAR1_P005_15T018 http://sami-survey.org/edr/data/508138/508138_blue_8_Y13SAR1_P005_15T018.fits.gz http://sami-survey.org/edr/data/508138/508138_red_8_Y13SAR1_P005_15T018.fits.gz
J142424.24-014553.6 216.10103095 -1.76490306 16.394 16.380 0.05700 0.05613 -20.67 5.32 21.72 22.73 24.39 0.2314 121.21 10.20 0.94 0.177 485504 8 Y13SAR1_P005_15T018 http://sami-survey.org/edr/data/485504/485504_blue_8_Y13SAR1_P005_15T018.fits.gz http://sami-survey.org/edr/data/485504/485504_red_8_Y13SAR1_P005_15T018.fits.gz
J142430.31-013742.2 216.12632633 -1.62839152 16.226 16.142 0.05788 0.05701 -20.96 1.68 18.80 20.12 21.71 0.4037 42.84 10.47 1.14 0.170 508144 8 Y13SAR1_P005_15T018 http://sami-survey.org/edr/data/508144/508144_blue_8_Y13SAR1_P005_15T018.fits.gz http://sami-survey.org/edr/data/508144/508144_red_8_Y13SAR1_P005_15T018.fits.gz
J142508.99-010648.4 216.28745658 -1.11346880 14.952 14.931 0.01030 0.00880 -18.31 8.37 20.27 21.14 22.86 0.7133 149.76 9.36 0.99 0.183 511863 8 Y13SAR1_P005_15T018 http://sami-survey.org/edr/data/511863/511863_blue_8_Y13SAR1_P005_15T018.fits.gz http://sami-survey.org/edr/data/511863/511863_red_8_Y13SAR1_P005_15T018.fits.gz
J142533.23-010650.2 216.38846073 -1.11394391 15.071 15.023 0.05609 0.05523 -22.01 6.15 20.56 21.07 23.10 0.4029 117.81 10.68 0.86 0.177 511867 8 Y13SAR1_P005_15T018 http://sami-survey.org/edr/data/511867/511867_blue_8_Y13SAR1_P005_15T018.fits.gz http://sami-survey.org/edr/data/511867/511867_red_8_Y13SAR1_P005_15T018.fits.gz
J142534.70-012234.0 216.39460870 -1.37611813 15.974 15.992 0.05629 0.05543 -21.05 3.77 20.29 21.19 22.89 0.4540 49.54 10.46 1.07 0.152 492384 8 Y13SAR1_P005_15T018 http://sami-survey.org/edr/data/492384/492384_blue_8_Y13SAR1_P005_15T018.fits.gz http://sami-survey.org/edr/data/492384/492384_red_8_Y13SAR1_P005_15T018.fits.gz
J142600.76-012442.4 216.50319504 -1.41179581 16.069 16.066 0.05580 0.05494 -20.94 4.40 21.39 22.02 23.90 0.0237 70.19 10.10 0.67 0.165 492414 8 Y13SAR1_P005_15T018 http://sami-survey.org/edr/data/492414/492414_blue_8_Y13SAR1_P005_15T018.fits.gz http://sami-survey.org/edr/data/492414/492414_red_8_Y13SAR1_P005_15T018.fits.gz
J142604.84-013220.1 216.52017589 -1.53893514 16.519 16.479 0.05570 0.05484 -20.54 7.58 22.22 23.75 25.31 0.3404 127.26 10.25 1.07 0.179 508268 8 Y13SAR1_P005_15T018 http://sami-survey.org/edr/data/508268/508268_blue_8_Y13SAR1_P005_15T018.fits.gz http://sami-survey.org/edr/data/508268/508268_red_8_Y13SAR1_P005_15T018.fits.gz
J142608.78-011208.2 216.53658941 -1.20229668 16.018 16.004 0.05635 0.05549 -21.07 3.86 19.91 21.05 22.67 0.6191 137.78 10.55 1.19 0.148 511890 8 Y13SAR1_P005_15T018 http://sami-survey.org/edr/data/511890/511890_blue_8_Y13SAR1_P005_15T018.fits.gz http://sami-survey.org/edr/data/511890/511890_red_8_Y13SAR1_P005_15T018.fits.gz
J142623.70-013537.4 216.59876743 -1.59373578 16.935 16.891 0.05658 0.05572 -20.19 1.98 19.36 20.51 22.13 0.6444 44.50 10.19 1.19 0.183 508312 8 Y13SAR1_P005_15T018 http://sami-survey.org/edr/data/508312/508312_blue_8_Y13SAR1_P005_15T018.fits.gz http://sami-survey.org/edr/data/508312/508312_red_8_Y13SAR1_P005_15T018.fits.gz
J144926.89-000951.1 222.36207929 -0.16420126 16.394 16.371 0.04170 0.04096 -19.98 1.86 19.47 20.10 21.98 0.3057 127.82 9.77 0.71 0.167 594906 8 Y13SAR1_P003_15T008 http://sami-survey.org/edr/data/594906/594906_blue_7_Y13SAR1_P003_15T008.fits.gz http://sami-survey.org/edr/data/594906/594906_red_7_Y13SAR1_P003_15T008.fits.gz
J144944.93-001428.4 222.43723397 -0.24123242 17.959 17.859 0.04365 0.04291 -18.56 4.43 22.09 22.74 24.60 0.6531 145.75 9.12 0.62 0.172 65278 8 Y13SAR1_P003_15T008 http://sami-survey.org/edr/data/65278/65278_blue_7_Y13SAR1_P003_15T008.fits.gz http://sami-survey.org/edr/data/65278/65278_red_7_Y13SAR1_P003_15T008.fits.gz 
J145003.72+000550.9 222.51551376 0.09749601 14.962 14.914 0.04080 0.04006 -21.39 9.13 21.30 21.94 23.82 0.4036 45.68 10.46 0.87 0.179 79635 8 Y13SAR1_P003_15T008 http://sami-survey.org/edr/data/79635/79635_blue_7_Y13SAR1_P003_15T008.fits.gz http://sami-survey.org/edr/data/79635/79635_red_7_Y13SAR1_P003_15T008.fits.gz 
J145054.58+000139.6 222.72741926 0.02766595 16.697 16.656 0.04384 0.04310 -19.82 4.40 20.71 21.20 23.26 0.7099 105.07 10.07 1.18 0.174 79693 8 Y13SAR1_P003_15T008 http://sami-survey.org/edr/data/79693/79693_blue_7_Y13SAR1_P003_15T008.fits.gz http://sami-survey.org/edr/data/79693/79693_red_7_Y13SAR1_P003_15T008.fits.gz 
J145058.07+000531.8 222.74197920 0.09218814 18.752 18.508 0.04267 0.04194 -17.94 3.04 22.68 23.31 25.20 0.3955 38.87 9.18 0.96 0.169 79710 8 Y13SAR1_P003_15T008 http://sami-survey.org/edr/data/79710/79710_blue_7_Y13SAR1_P003_15T008.fits.gz http://sami-survey.org/edr/data/79710/79710_red_7_Y13SAR1_P003_15T008.fits.gz 
J145102.99-003137.5 222.76246336 -0.52708988 15.520 15.524 0.04381 0.04307 -20.96 5.83 20.60 22.07 23.64 0.4524 97.25 10.50 1.16 0.183 570206 8 Y13SAR1_P003_15T008 http://sami-survey.org/edr/data/570206/570206_blue_7_Y13SAR1_P003_15T008.fits.gz http://sami-survey.org/edr/data/570206/570206_red_7_Y13SAR1_P003_15T008.fits.gz
J145103.90-002743.9 222.76628131 -0.46221403 15.226 15.095 0.04399 0.04325 -21.42 5.64 20.20 21.56 23.14 0.4777 56.40 10.75 1.24 0.193 570207 8 Y13SAR1_P003_15T008 http://sami-survey.org/edr/data/570207/570207_blue_7_Y13SAR1_P003_15T008.fits.gz http://sami-survey.org/edr/data/570207/570207_red_7_Y13SAR1_P003_15T008.fits.gz
J145109.68-000728.2 222.79037163 -0.12452477 18.602 18.583 0.04481 0.04407 -17.93 1.97 21.35 21.99 23.86 0.5434 103.84 9.08 0.88 0.178 594970 8 Y13SAR1_P003_15T008 http://sami-survey.org/edr/data/594970/594970_blue_7_Y13SAR1_P003_15T008.fits.gz http://sami-survey.org/edr/data/594970/594970_red_7_Y13SAR1_P003_15T008.fits.gz
J145113.81+000140.6 222.80756762 0.02795970 18.274 18.040 0.02400 0.02326 -16.99 1.95 22.68 24.01 25.60 0.2750 13.91 8.57 0.70 0.173 79712 8 Y13SAR1_P003_15T008 http://sami-survey.org/edr/data/79712/79712_blue_7_Y13SAR1_P003_15T008.fits.gz http://sami-survey.org/edr/data/79712/79712_red_7_Y13SAR1_P003_15T008.fits.gz 
J145153.34-004324.4 222.97228272 -0.72344931 17.172 16.880 0.04451 0.04378 -19.60 3.98 21.68 22.19 24.22 0.5540 6.32 9.47 0.54 0.184 49857 8 Y13SAR1_P003_15T008 http://sami-survey.org/edr/data/49857/49857_blue_7_Y13SAR1_P003_15T008.fits.gz http://sami-survey.org/edr/data/49857/49857_red_7_Y13SAR1_P003_15T008.fits.gz 
J145219.41-001609.1 223.08090459 -0.26920906 16.432 16.425 0.04432 0.04359 -20.07 2.17 19.84 20.85 22.51 0.3003 161.30 10.05 1.04 0.202 65410 8 Y13SAR1_P003_15T008 http://sami-survey.org/edr/data/65410/65410_blue_7_Y13SAR1_P003_15T008.fits.gz http://sami-survey.org/edr/data/65410/65410_red_7_Y13SAR1_P003_15T008.fits.gz 
J145231.95-000958.8 223.13313090 -0.16634394 16.498 16.479 0.04320 0.04247 -19.97 7.16 21.24 21.62 23.91 0.7940 25.82 9.88 0.86 0.197 595027 8 Y13SAR1_P003_15T008 http://sami-survey.org/edr/data/595027/595027_blue_7_Y13SAR1_P003_15T008.fits.gz http://sami-survey.org/edr/data/595027/595027_red_7_Y13SAR1_P003_15T008.fits.gz
 
