30 23 1 9.22351 -44.17580 0.87300 1.00000 21.30000 16.91000 4.35000 0.79000 0.75870 64.66000 1.72944 1.72020 10.82462 -99.00000 -99.00000 -99.00000 -99.00000
4 24 2 9.18942 -44.17630 0.86100 1.00000 20.24000 16.41000 3.61000 0.84000 0.12690 -1.00000 1.44186 1.02980 10.78697 26.38310 121.96350 44.18900 -4.64180
17 1 3 9.17729 -44.17940 0.86000 1.00000 21.67000 18.56000 3.47000 0.77000 0.21840 -1.00000 1.51323 1.23580 10.00491 -99.00000 -99.00000 -99.00000 -99.00000
12 2 4 9.15688 -44.14590 0.86600 1.00000 20.66000 16.93000 3.70000 0.79000 1.19090 2.00300 1.31645 0.95300 10.55148 8.68730 32.88240 15.45770 -2.99040
28 3 5 9.16556 -44.18340 0.87400 1.00000 20.35000 16.19000 4.09000 0.80000 0.46750 -1.00000 1.85391 1.96300 11.17117 -99.00000 -99.00000 -99.00000 -99.00000
26 4 6 9.18766 -44.18050 0.87100 1.00000 19.27000 15.10000 3.91000 0.90000 0.00010 -1.00000 1.80933 1.82440 11.57169 -99.00000 -99.00000 -99.00000 -99.00000
6 6 8 9.13786 -44.17450 0.87200 1.00000 21.89000 18.08000 3.86000 0.76000 1.05130 -1.00000 1.95086 2.63020 10.53980 2.87600 0.78120 0.37330 -99.00000
19 7 9 9.17827 -44.19390 0.87200 1.00000 21.68000 17.65000 3.92000 0.81000 0.43480 -1.00000 1.58895 1.39560 10.43656 -99.00000 -99.00000 -99.00000 -99.00000
11 8 10 9.13446 -44.20230 0.86800 2.00000 22.06000 18.25000 3.67000 0.86000 1.27460 -1.00000 1.63715 1.49190 10.22062 3.37670 0.77860 0.64620 -99.00000
15 9 11 9.19168 -44.19410 0.86800 1.00000 19.28000 16.67000 3.28000 0.86000 0.40310 -1.00000 1.30120 0.93100 10.64783 -99.00000 -99.00000 -99.00000 -99.00000
3 10 12 9.17373 -44.18130 0.86400 1.00000 20.78000 16.91000 3.84000 0.80000 0.29050 -1.00000 1.62920 1.47190 10.74582 8.56140 15.11270 5.67720 -99.00000
22 11 13 9.18133 -44.22270 0.87200 1.00000 20.92000 16.76000 4.05000 0.80000 1.23030 -1.00000 1.77986 1.78910 10.90044 -99.00000 -99.00000 -99.00000 -99.00000
34 12 14 9.18239 -44.18230 0.87000 1.00000 20.36000 15.93000 4.11000 0.86000 0.12150 -1.00000 1.88294 2.14220 11.30820 -99.00000 -99.00000 -99.00000 -99.00000
8 14 16 9.19341 -44.18640 0.85700 1.00000 21.15000 17.26000 3.85000 0.79000 0.20730 -1.00000 1.62110 1.45160 10.59107 20.60980 22.23650 9.91270 -1.58020
33 15 17 9.19340 -44.18980 0.86700 1.00000 19.07000 15.07000 3.88000 0.86000 0.29440 -1.00000 1.93170 2.50600 11.71662 -99.00000 -99.00000 -99.00000 -99.00000
5 16 18 9.20264 -44.18220 0.86300 1.00000 20.80000 16.77000 4.01000 0.81000 0.31570 -1.00000 1.46938 1.10930 10.67773 9.80260 27.23570 10.95410 -4.97080
10 18 20 9.21803 -44.18430 0.88200 1.00000 21.05000 17.27000 3.69000 0.80000 0.64150 -1.00000 1.21650 0.77540 10.34552 15.91180 49.60060 32.52260 -2.04160
18 19 21 9.24670 -44.17880 0.87300 1.00000 21.60000 17.52000 4.05000 0.78000 1.22960 -1.00000 1.42748 1.00060 10.34528 -99.00000 -99.00000 -99.00000 -99.00000
7 20 22 9.19723 -44.17640 0.86000 1.00000 21.53000 17.82000 3.69000 0.80000 0.23220 -1.00000 1.32870 0.95240 10.18779 41.73280 33.99730 30.07940 -99.00000
13 22 24 9.24450 -44.14130 0.87400 1.00000 21.03000 16.69000 4.11000 0.87000 1.64160 -1.00000 1.51774 1.24880 10.77475 14.55520 44.46180 16.27680 -99.00000
