23      1   8.68142 -43.09340    0.86700   1.00000  23.32000  19.88000   3.38000   0.70000   1.11170  -1.00000   0.99351   0.19000   8.67246  97.24600   7.25030  22.33500 -10.41920
24      2   8.68093 -43.10820    0.85700   1.00000  20.90000  17.02000   3.88000   0.82000   0.68470  -1.00000   1.47559   1.12720  10.57721  11.83480  22.39720  10.16720  -5.86530
01      3   8.66301 -43.08850    0.85400   2.00000  21.71000  17.98000   3.97000   0.91000   1.27490  -1.00000   1.34837   0.95150  10.11589  14.12940   7.68540   7.82490 -99.00000
03      5   8.66185 -43.10570    0.86800   2.00000  22.71000  19.27000   3.62000   0.83000   0.80080  -1.00000   1.32452   0.95260   9.61778  46.58750   4.17420   9.23990 -99.00000
04      6   8.67109 -43.12680    0.86400   1.00000  20.84000  16.97000   3.84000   0.83000   0.16320  -1.00000   1.71199   1.69030  10.78189  17.47900  25.21390   9.17440 -99.00000
06      8   8.64487 -43.12380    0.87000   1.00000  22.49000  19.00000   3.56000   0.81000   0.68310  -1.00000   1.17873   0.71050   9.60088  34.16910   7.22550  16.26410 -99.00000
07      9   8.66671 -43.13530    0.86400   2.00000  22.40000  19.41000   3.18000   0.82000   0.21380  -1.00000   1.07977   0.48340   9.26220 -99.00000 -99.00000 -99.00000 -99.00000
08     10   8.66463 -43.12930    0.86000   1.00000  20.46000  15.98000   4.12000   0.87000   0.23560   2.00200   1.39487   0.94940  10.92242   8.72830  76.96570  25.36480 -99.00000
09     11   8.65670 -43.14050    0.86600   1.00000  22.27000  18.77000   3.44000   0.73000   0.47320  -1.00000   1.32733   0.95250   9.81526 -99.00000 -99.00000 -99.00000  -6.41730
10     12   8.66108 -43.14020    0.87000   2.00000  22.91000  19.34000   3.52000   0.76000   0.39380  -1.00000   1.37588   0.95030   9.59119 -99.00000 -99.00000 -99.00000 -99.00000
12     14   8.66608 -43.13960    0.87100   1.00000  21.73000  17.71000   3.90000   0.80000   0.30600  -1.00000   1.42587   0.99760  10.26555 -99.00000 -99.00000 -99.00000 -99.00000
13     15   8.67268 -43.14520    0.86800   1.00000  20.55000  16.21000   4.18000   0.83000   0.40080  -1.00000   1.45322   1.06260  10.88926   7.18330  42.39010  14.25270 -99.00000
14     16   8.67159 -43.13570    0.86800   1.00000  21.06000  16.95000   3.96000   0.81000   0.14710  -1.00000   1.81737   1.83830  10.83131   8.91910  10.97570   3.84020 -99.00000
15     17   8.67854 -43.14830    0.86700   1.00000  20.03000  15.51000   4.08000   0.87000   0.49320  -1.00000   1.93015   2.49440  11.53862 -99.00000 -99.00000 -99.00000  -2.65210
16     18   8.68031 -43.13820    0.86200   1.00000  20.84000  16.86000   3.89000   0.80000   0.22240  -1.00000   1.81802   1.83950  10.86015 -99.00000 -99.00000 -99.00000 -99.00000
17     19   8.67986 -43.12890    0.86700   1.00000  22.50000  18.52000   3.85000   0.78000   0.12050  -1.00000   1.15051   0.64720   9.74870  18.30460   8.05890  15.31140 -99.00000
18     20   8.69990 -43.13220    0.86500   2.00000  22.08000  17.65000   4.23000   0.81000   0.52010  -1.00000   1.38944   0.94970  10.26074 -99.00000 -99.00000 -99.00000 -99.00000
19     21   8.72282 -43.11390    0.86800   1.00000  21.23000  17.38000   3.74000   0.81000   1.12700  -1.00000   1.44807   1.04780  10.41514 -99.00000 -99.00000 -99.00000 -99.00000
20     22   8.67531 -43.13150    0.86700   1.00000  19.43000  15.37000   3.94000   0.94000   0.00100  -1.00000   1.76629   1.77380  11.44656   9.30130  67.12910  19.07840 -99.00000
21     23   8.71200 -43.11190    0.85600   2.00000  21.60000  17.43000   4.13000   0.84000   0.96250   0.97100   1.44060   1.02620  10.37120 -99.00000 -99.00000 -99.00000 -11.04590
22     24   8.69202 -43.11790    0.86500   1.00000  22.37000  19.14000   3.07000   0.84000   0.53010  -1.00000   1.11708   0.56780   9.44137  35.56360   7.58730  19.40120 -99.00000
